0.0 -0.7606663024002344 -0.45053187800277855
0.004197184573934259 -0.7645295803194901 -0.4431648922752425
0.008394369147868518 -0.768392858238746 -0.4357979065477058
0.012591553721802777 -0.7722561361580017 -0.4284309208201697
0.016788738295737037 -0.7794823849812673 -0.4189985867413704
0.020985922869671297 -0.7867086338045326 -0.40956625266257163
0.025183107443605555 -0.7939348826277982 -0.40013391858377234
0.029380292017539812 -0.804896473606018 -0.39045569986509876
0.03357747659147407 -0.8158580645842378 -0.3807774811464246
0.037774661165408334 -0.8268196555624576 -0.37109926242775104
0.041971845739342595 -0.842387553996344 -0.36299595168333576
0.04616903031327685 -0.8579554524302303 -0.354892640938921
0.05036621488721111 -0.8735233508641166 -0.3467893301945057
0.05456339946114537 -0.8919437426448019 -0.34125898282003025
0.05876058403507963 -0.9103641344254872 -0.3357286354455554
0.06295776860901389 -0.9287845262061727 -0.33019828807108
0.06715495318294815 -0.9479585370741941 -0.32598637168815897
0.07135213775688241 -0.9671325479422155 -0.32177445530523796
0.07554932233081667 -0.986306558810237 -0.3175625389223169
0.07974650690475092 -1.0036131427130601 -0.31042397516945663
0.08394369147868519 -1.0209197266158836 -0.30328541141659576
0.08814087605261944 -1.0382263105187068 -0.2961468476637355
0.0923380606265537 -1.055643958379143 -0.28958413531447136
0.09653524520048797 -1.0730616062395788 -0.28302142296520666
0.10073242977442222 -1.0904792541000148 -0.2764587106159425
0.10492961434835647 -1.1082795339629778 -0.2709695068000882
0.10912679892229074 -1.126079813825941 -0.26548030298423386
0.113323983496225 -1.143880093688904 -0.25999109916837954
0.11752116807015926 -1.16083635781753 -0.2539913202391727
0.12171835264409352 -1.177792621946156 -0.24799154130996592
0.12591553721802778 -1.1947488860747821 -0.2419917623807591
0.13011272179196204 -1.2119676725488475 -0.23659620336620488
0.1343099063658963 -1.2291864590229131 -0.2312006443516501
0.13850709093983055 -1.2464052454969783 -0.2258050853370959
0.1427042755137648 -1.2639638124990074 -0.22082301264142723
0.14690146008769908 -1.2815223795010364 -0.21584093994575798
0.15109864466163334 -1.2990809465030655 -0.21085886725008932
0.1552958292355676 -1.3176683317983253 -0.2034053874179003
0.15949301380950184 -1.3362557170935854 -0.1959519075857107
0.1636901983834361 -1.3548431023888452 -0.18849842775352169
0.16788738295737035 -1.348961334535753 -0.19430862161256127
0.17208456753130463 -1.3430795666826605 -0.20011881547160082
0.1762817521052389 -1.3371977988295682 -0.2059290093306404
0.18047893667917314 -1.3307761790460602 -0.21214255542086324
0.1846761212531074 -1.3243545592625523 -0.2183561015110855
0.18887330582704165 -1.3179329394790442 -0.22456964760130835
0.1930704904009759 -1.311555516595183 -0.23088501259112787
0.19726767497491018 -1.3051780937113215 -0.2372003775809468
0.20146485954884444 -1.2988006708274602 -0.24351574257076633
0.2056620441227787 -1.292298242303358 -0.24967234417750725
0.20985922869671297 -1.2857958137792556 -0.2558289457842487
0.21405641327064723 -1.2792933852551533 -0.2619855473909896
0.21825359784458148 -1.2729988753830714 -0.2683132176108407
0.22245078241851574 -1.266704365510989 -0.27464088783069235
0.22664796699245 -1.2604098556389072 -0.2809685580505434
0.23084515156638424 -1.2542976263358658 -0.2877082509730658
0.23504233614031853 -1.2481853970328243 -0.29444794389558876
0.23923952071425278 -1.242073167729783 -0.30118763681811117
0.24343670528818703 -1.2357418666291773 -0.30821868268272284
0.24763388986212131 -1.2294105655285716 -0.3152497285473345
0.25183107443605557 -1.223079264427966 -0.3222807744119462
0.2560282590099898 -1.2164613702011255 -0.32939364331776616
0.2602254435839241 -1.2098434759742853 -0.33650651222358613
0.26442262815785833 -1.2032255817474449 -0.3436193811294061
0.2686198127317926 -1.1965818174475564 -0.35077049919048764
0.27281699730572684 -1.1899380531476675 -0.35792161725156857
0.2770141818796611 -1.183294288847779 -0.3650727353126501
0.28121136645359535 -1.1781065939319317 -0.37311703894883036
0.2854085510275296 -1.172918899016084 -0.3811613425850106
0.28960573560146385 -1.1677312041002366 -0.38920564622119086
0.2938029201753981 -1.162679812041932 -0.39736578204027834
0.2980001047493324 -1.1576284199836275 -0.40552591785936576
0.30219728932326667 -1.152577027925323 -0.4136860536784532
0.3063944738972009 -1.1755010905191334 -0.2134641788975421
0.3105916584711352 -1.1984251531129435 -0.013242304116630976
0.31478884304506943 -1.221349215706754 0.18697957066428014
0.3189860276190037 -1.2215232664926476 0.20201362079929425
0.32318321219293794 -1.2216973172785413 0.21704767093430896
0.3273803967668722 -1.2218713680644349 0.23208172106932307
0.33157758134080645 -1.2179869627386497 0.2441168681920013
0.33577476591474076 -1.214102557412864 0.2561520153146795
0.339971950488675 -1.2102181520870787 0.26818716243735774
0.34416913506260927 -1.204171549697914 0.2803736846880786
0.3483663196365435 -1.198124947308749 0.29256020693879886
0.3525635042104778 -1.1920783449195844 0.3047467291895197
0.35676068878441203 -1.196747796282242 0.31849063299837194
0.3609578733583463 -1.2014172476448994 0.3322345368072247
0.36515505793228054 -1.2060866990075572 0.3459784406160769
0.3693522425062148 -1.2117635556786512 0.35925269983485
0.37354942708014904 -1.217440412349745 0.3725269590536225
0.3777466116540833 -1.2231172690208392 0.3858012182723956
0.38194379622801755 -1.2178774505599643 0.3915438027614996
0.38614098080195186 -1.21263763209909 0.39728638725060356
0.3903381653758861 -1.207397813638215 0.4030289717397076
0.39453534994982037 -1.197693945893653 0.39978139986210415
0.3987325345237546 -1.1879900781490906 0.3965338279845007
0.4029297190976889 -1.1782862104045286 0.39328625610689727
0.40712690367162313 -1.1689510787113746 0.4000316119596874
0.4113240882455574 -1.1596159470182206 0.4067769678124769
0.41552127281949164 -1.1502808153250663 0.41352232366526703
0.4197184573934259 -1.1492004903017574 0.42772254692902195
0.4239156419673602 -1.1481201652784485 0.44192277019277626
0.42811282654129446 -1.1470398402551394 0.4561229934565312
0.4323100111152287 -1.1573029665774313 0.4644116734750282
0.43650719568916296 -1.1675660928997236 0.47270035349352585
0.4407043802630972 -1.1778292192220154 0.48098903351202293
0.44490156483703147 -1.1891708200272777 0.4877423738203404
0.4490987494109657 -1.2005124208325397 0.4944957141286579
0.4532959339849 -1.211854021637802 0.5012490544369753
0.45749311855883423 -1.2230298330264935 0.5086320855895816
0.4616903031327685 -1.2342056444151852 0.5160151167421886
0.46588748770670274 -1.2453814558038767 0.5233981478947949
0.470084672280637 -1.2562916881644197 0.5318340355856953
0.4742818568545713 -1.2672019205249627 0.5402699232765963
0.47847904142850556 -1.2781121528855057 0.5487058109674966
0.4826762260024398 -1.2889358379578668 0.5453834664244335
0.48687341057637407 -1.2997595230302281 0.5420611218813703
0.4910705951503083 -1.3105832081025894 0.5387387773383072
0.4952677797242426 -1.3173642965598915 0.5283067794798519
0.4994649642981769 -1.3241453850171938 0.5178747816213968
0.5036621488721111 -1.3309264734744959 0.5074427837629416
0.5078593334460454 -1.329434562766273 0.4953157162472938
0.5120565180199796 -1.32794265205805 0.4831886487316461
0.5162537025939139 -1.3264507413498272 0.47106158121599834
0.5204508871678482 -1.3223287806628812 0.45953224262449216
0.5246480717417824 -1.318206819975935 0.4480029040329859
0.5288452563157167 -1.3140848592889887 0.43647356544147975
0.5330424408896509 -1.3123162495263683 0.42361438909820426
0.5372396254635852 -1.3105476397637479 0.4107552127549294
0.5414368100375194 -1.3087790300011275 0.39789603641165394
0.5456339946114537 -1.3135718910778054 0.3871586034025586
0.5498311791853879 -1.318364752154483 0.37642117039346384
0.5540283637593222 -1.3231576132311609 0.36568373738436855
0.5582255483332564 -1.3322870657237418 0.35775686783333027
0.5624227329071907 -1.3414165182163225 0.34982999828229205
0.566619917481125 -1.3505459707089034 0.3419031287312538
0.5708171020550592 -1.3410151121600091 0.33566910618341905
0.5750142866289935 -1.331484253611115 0.32943508363558427
0.5792114712029277 -1.3219533950622209 0.32320106108774954
0.583408655776862 -1.3171438938753512 0.31537353599808554
0.5876058403507963 -1.3123343926884816 0.3075460109084216
0.5918030249247306 -1.307524891501612 0.29971848581875765
0.5960002094986648 -1.3085788069312814 0.2854197482370533
0.6001973940725991 -1.3096327223609503 0.27112101065534894
0.6043945786465333 -1.3106866377906197 0.2568222730736446
0.6085917632204676 -1.3100674256053824 0.24234372477462268
0.6127889477944019 -1.3094482134201448 0.22786517647560134
0.6169861323683361 -1.3088290012349073 0.2133866281765794
0.6211833169422704 -1.317568391051653 0.21365118598701666
0.6253805015162046 -1.3263077808683983 0.21391574379745446
0.6295776860901389 -1.335047170685144 0.2141803016078917
0.6337748706640731 -1.3441993425408278 0.21926125029201132
0.6379720552380074 -1.3533515143965111 0.22434219897613153
0.6421692398119416 -1.3625036862521949 0.22942314766025118
0.6463664243858759 -1.3721115804893194 0.2345023907950063
0.6505636089598101 -1.3817194747264439 0.2395816339297614
0.6547607935337444 -1.3913273689635683 0.2446608770645165
0.6589579781076786 -1.4021859324602763 0.24113498027179392
0.6631551626816129 -1.4130444959569848 0.23760908347907134
0.6673523472555472 -1.4239030594536928 0.23408318668634875
0.6715495318294814 -1.4256794666672208 0.2208804608979434
0.6757467164034158 -1.427455873880749 0.20767773510953802
0.67994390097735 -1.429232281094277 0.19447500932113262
0.6841410855512843 -1.4234240495728474 0.18309527814523316
0.6883382701252185 -1.4176158180514173 0.1717155469693331
0.6925354546991528 -1.4118075865299875 0.16033581579343364
0.696732639273087 -1.406120886617144 0.14945390095704825
0.7009298238470213 -1.4004341867043002 0.13857198612066343
0.7051270084209555 -1.3947474867914564 0.12769007128427803
0.7093241929948898 -1.3885624296771089 0.11768384547099825
0.7135213775688241 -1.382377372562761 0.10767761965771903
0.7177185621427583 -1.3761923154484135 0.09767139384443925
0.7219157467166926 -1.3694207460636407 0.08828618160174348
0.7261129312906268 -1.3626491766788675 0.0789009693590477
0.7303101158645611 -1.3558776072940946 0.06951575711635193
0.7345073004384953 -1.3501293152202567 0.05925133978230894
0.7387044850124296 -1.3443810231464188 0.04898692244826596
0.7429016695863638 -1.3386327310725807 0.03872250511422298
0.7470988541602981 -1.3324745976016323 0.02919986111755161
0.7512960387342323 -1.326316464130684 0.019677217120879675
0.7554932233081666 -1.3201583306597355 0.010154573124208303
0.7596904078821008 -1.324518275306864 0.005557602270165247
0.7638875924560352 -1.3288782199539921 0.00096063141612219
0.7680847770299695 -1.3332381646011207 -0.0036363394379208673
0.7722819616039037 -1.3446795931095121 0.0013127336906070548
0.776479146177838 -1.3561210216179036 0.006261806819135542
0.7806763307517722 -1.3675624501262953 0.011210879947663465
0.7848735153257065 -1.3787916575289503 0.01668934995425637
0.7890706998996407 -1.390020864931605 0.022167819960849277
0.793267884473575 -1.40125007233426 0.027646289967442186
0.7974650690475092 -1.4119150357864498 0.033244838798174046
0.8016622536214435 -1.4225799992386394 0.03884338762890534
0.8058594381953778 -1.433244962690829 0.0444419364596372
0.810056622769312 -1.4430487122213307 0.05059322678841018
0.8142538073432463 -1.4528524617518321 0.05674451711718317
0.8184509919171805 -1.4626562112823338 0.06289580744595615
0.8226481764911148 -1.4721115914462677 0.06881119967517789
0.826845361065049 -1.481566971610202 0.07472659190439905
0.8310425456389833 -1.4910223517741361 0.0806419841336208
0.8352397302129175 -1.499846516448175 0.08731891601481843
0.8394369147868518 -1.508670681122214 0.09399584789601607
0.843634099360786 -1.5174948457962527 0.10067277977721373
0.8478312839347203 -1.526129552808604 0.10716254983335302
0.8520284685086547 -1.534764259820955 0.1136523198894929
0.8562256530825889 -1.5433989668333064 0.12014208994563219
0.8604228376565232 -1.552953685632891 0.12530060979101706
0.8646200222304574 -1.5625084044324757 0.1304591296364025
0.8688172068043917 -1.5720631232320603 0.13561764948178737
0.8730143913783259 -1.5829211937863337 0.13397750412624962
0.8772115759522602 -1.593779264340607 0.13233735877071243
0.8814087605261944 -1.6046373348948806 0.13069721341517468
0.8856059451001287 -1.6150248026492686 0.1257309871798161
0.8898031296740629 -1.6254122704036569 0.12076476094445754
0.8940003142479972 -1.6357997381580451 0.11579853470909897
0.8981974988219315 -1.6460887143275857 0.11065994581156434
0.9023946833958657 -1.6563776904971261 0.10552135691402972
0.9065918679698 -1.6666666666666665 0.1003827680164951
0.9107890525437342 -1.6633014439693292 0.08940473845707776
0.9149862371176685 -1.6599362212719921 0.078426708897661
0.9191834216916027 -1.656570998574655 0.06744867933824368
0.923380606265537 -1.6475675881720482 0.05906702912550448
0.9275777908394712 -1.6385641777694413 0.05068537891276472
0.9317749754134055 -1.6295607673668344 0.04230372870002553
0.9359721599873397 -1.6185908464412269 0.0370714372964584
0.9401693445612741 -1.6076209255156195 0.031839145892890705
0.9443665291352084 -1.5966510045900122 0.02660685448932358
0.9485637137091426 -1.5855001150826307 0.021058776410171454
0.9527608982830769 -1.5743492255752491 0.015510698331019325
0.9569580828570111 -1.5631983360678676 0.009962620251867197
0.9611552674309454 -1.551891524062328 0.004244744448300273
0.9653524520048796 -1.5405847120567888 -0.001473131355266086
0.9695496365788139 -1.5292779000512493 -0.00719100715883301
0.9737468211527481 -1.5176640181426966 -0.013130806119697061
0.9779440057266824 -1.506050136234144 -0.01907060508056168
0.9821411903006166 -1.4944362543255911 -0.02501040404142573
0.9863383748745509 -1.4825233574612953 -0.03093391415661997
0.9905355594484851 -1.4706104605969996 -0.03685742427181364
0.9947327440224194 -1.4586975637327038 -0.042780934387007884
0.9989299285963537 -1.4468848047459841 -0.04896568701160303
1.003127113170288 -1.4350720457592645 -0.05515043963619761
1.0073242977442223 -1.4232592867725449 -0.061335192260792766
1.0115214823181564 -1.4111175896955714 -0.06638719058966229
1.0157186668920908 -1.3989758926185982 -0.07143918891853182
1.019915851466025 -1.3868341955416246 -0.07649118724740135
1.0241130360399593 -1.3747333555417895 -0.08202540017756431
1.0283102206138934 -1.3626325155419543 -0.08755961310772785
1.0325074051878278 -1.3505316755421193 -0.0930938260378908
1.036704589761762 -1.3384631604794617 -0.09843882547693163
1.0409017743356963 -1.3263946454168043 -0.10378382491597186
1.0450989589096304 -1.314326130354147 -0.10912882435501269
1.0492961434835648 -1.3044386315418768 -0.11637881523470016
1.053493328057499 -1.2945511327296069 -0.1236288061143882
1.0576905126314333 -1.284663633917337 -0.13087879699407567
1.0618876972053675 -1.2814828482502343 -0.14302724251259644
1.0660848817793018 -1.2783020625831318 -0.15517568803111778
1.070282066353236 -1.2751212769160294 -0.16732413354963854
1.0744792509271703 -1.262856582276822 -0.1740095285970923
1.0786764355011045 -1.2505918876376143 -0.18069492364454548
1.0828736200750388 -1.238327192998407 -0.18738031869199923
1.0870708046489732 -1.2257290345944065 -0.19267277875878605
1.0912679892229074 -1.213130876190406 -0.19796523882557235
1.0954651737968417 -1.2005327177864056 -0.2032576988923592
1.0996623583707759 -1.19421688518636 -0.19459783809964432
1.1038595429447102 -1.1879010525863145 -0.18593797730692885
1.1080567275186444 -1.1815852199862689 -0.17727811651421396
1.1122539120925787 -1.1752623597153473 -0.17036093699113034
1.1164510966665129 -1.1689394994444258 -0.16344375746804726
1.1206482812404472 -1.1626166391735042 -0.1565265779449636
1.1248454658143814 -1.1495420098231734 -0.1583574120761033
1.1290426503883157 -1.1364673804728425 -0.16018824620724242
1.13323983496225 -1.123392751122512 -0.16201908033838214
1.1374370195361843 -1.1132887565970158 -0.15556264952615256
1.1416342041101184 -1.1031847620715198 -0.14910621871392354
1.1458313886840528 -1.0930807675460237 -0.14264978790169397
1.150028573257987 -1.0979469816519327 -0.13259497858064473
1.1542257578319213 -1.102813195757842 -0.12254016925959496
1.1584229424058554 -1.107679409863751 -0.11248535993854575
1.1626201269797898 -1.1147318634725802 -0.10323867433863358
1.166817311553724 -1.1217843170814097 -0.09399198873872085
1.1710144961276583 -1.1288367706902391 -0.08474530313880868
1.1752116807015927 -1.137430281951866 -0.07781112084238176
1.1794088652755268 -1.146023793213493 -0.07087693854595542
1.1836060498494612 -1.1546173044751198 -0.0639427562495285
1.1878032344233953 -1.1603601104879742 -0.05329245838431789
1.1920004189973297 -1.1661029165008285 -0.042642160519106714
1.1961976035712638 -1.171845722513683 -0.03199186265389611
1.2003947881451982 -1.1741259749669124 -0.01937722552059992
1.2045919727191323 -1.1764062274201423 -0.0067625883873037316
1.2087891572930667 -1.1786864798733718 0.0058520487459924565
1.2129863418670008 -1.1700872516578642 0.0038393075581692666
1.2171835264409352 -1.1614880234423566 0.0018265663703466426
1.2213807110148693 -1.152888795226849 -0.00018617481747654706
1.2255778955888037 -1.1425033806239173 -0.004602579479369754
1.2297750801627378 -1.1321179660209857 -0.009018984141262395
1.2339722647366722 -1.121732551418054 -0.013435388803155602
1.2381694493106064 -1.1112423655773425 -0.010283305192035833
1.2423666338845407 -1.100752179736631 -0.0071312215809160645
1.2465638184584749 -1.0902619938959195 -0.003979137969796296
1.2507610030324092 -1.0841947616902932 0.006610578877409839
1.2549581876063434 -1.0781275294846668 0.017200295724615972
1.2591553721802777 -1.0720602972790405 0.02779001257182211
1.263352556754212 -1.0777859381611583 0.039035972726080344
1.2675497413281462 -1.083511579043276 0.050281932880339136
1.2717469259020806 -1.089237219925394 0.06152789303459737
1.2759441104760147 -1.0961669979216377 0.07280508874654035
1.2801412950499491 -1.1030967759178811 0.08408228445848277
1.2843384796238833 -1.110026553914125 0.09535948017042575
1.2885356641978176 -1.117995918458792 0.10588060436147216
1.2927328487717518 -1.1259652830034586 0.11640172855251801
1.2969300333456861 -1.1339346475481253 0.12692285274356443
1.3011272179196203 -1.142710270501416 0.13697437588712733
1.3053244024935546 -1.1514858934547068 0.14702589903069077
1.3095215870674888 -1.1602615164079977 0.1570774221742537
1.3137187716414231 -1.1679914636560296 0.1610965220392141
1.3179159562153573 -1.1757214109040615 0.1651156219041745
1.3221131407892917 -1.1834513581520933 0.1691347217691349
1.3263103253632258 -1.1705340729998779 0.14622139940212706
1.3305075099371602 -1.157616787847662 0.12330807703511919
1.3347046945110943 -1.1446995026954463 0.10039475466811133
1.3389018790850287 -1.1504311113814996 0.10730651059474723
1.3430990636589628 -1.156162720067553 0.11421826652138257
1.3472962482328972 -1.1618943287536063 0.12113002244801849
1.3514934328068315 -1.1610655171629687 0.11181954192988125
1.3556906173807657 -1.1602367055723308 0.10250906141174457
1.3598878019547 -1.1594078939816932 0.09319858089360732
1.3640849865286342 -1.1472585834996398 0.0869618038488586
1.3682821711025686 -1.1351092730175867 0.08072502680410931
1.3724793556765027 -1.1229599625355335 0.0744882497593606
1.376676540250437 -1.109502310739311 0.07320512382614677
1.3808737248243712 -1.0960446589430883 0.07192199789293294
1.3850709093983056 -1.0825870071468657 0.07063887195971912
1.3892680939722397 -1.1338192509376708 0.08762229919652088
1.393465278546174 -1.1850514947284752 0.1046057264333221
1.3976624631201082 -1.2362837385192802 0.12158915367012388
1.4018596476940426 -1.2256974071917355 0.11277651107052625
1.4060568322679767 -1.2151110758641914 0.10396386847092805
1.410254016841911 -1.2045247445366467 0.09515122587133042
1.4144512014158452 -1.1927150968921336 0.08791140278616569
1.4186483859897796 -1.1809054492476205 0.08067157970100094
1.4228455705637137 -1.1690958016031072 0.0734317566158362
1.4270427551376481 -1.16234135176359 0.08040288318340998
1.4312399397115823 -1.1555869019240728 0.0873740097509843
1.4354371242855166 -1.1488324520845554 0.09434513631855808
1.439634308859451 -1.1511984349122453 0.10497525790422586
1.4438314934333851 -1.153564417739935 0.1156053794898942
1.4480286780073195 -1.1559304005676247 0.12623550107556197
1.4522258625812536 -1.1617840772214505 0.13369687228995103
1.456423047155188 -1.167637753875276 0.1411582435043395
1.4606202317291221 -1.173491430529102 0.14861961471872853
1.4648174163030565 -0.9086790244305206 0.10010230776518908
1.4690146008769907 -0.6438666183319395 0.05158500081164907
1.473211785450925 -0.37905421223335817 0.0030676938581096318
1.4774089700248592 -0.3712821318536595 -0.006661764994510852
1.4816061545987935 -0.36351005147396026 -0.016391223847130768
1.4858033391727277 -0.35573797109426153 -0.026120682699751253
1.490000523746662 -0.36121620261815374 -0.020672989896212923
1.4941977083205962 -0.36669443414204644 -0.01522529709267459
1.4983948928945305 -0.37217266566593865 -0.00977760428913626
1.5025920774684647 -0.3691269508531179 0.0005266374183250823
1.506789262042399 -0.36608123604029774 0.01083087912578699
1.5109864466163332 -0.363035521227477 0.021135120833248332
1.5151836311902676 -0.34703157211117014 0.07947432577034445
1.5193808157642017 -0.3310276229948638 0.13781353070744
1.523578000338136 -0.315023673878557 0.19615273564453614
1.5277751849120704 -0.3009063046965075 0.19338257579887463
1.5319723694860046 -0.28678893551445744 0.19061241595321254
1.536169554059939 -0.2726715663324079 0.18784225610755104
1.540366738633873 -0.2599533120070428 0.19448836789830387
1.5445639232078074 -0.24723505768167775 0.20113447968905673
1.5487611077817416 -0.23451680335631267 0.20778059147980957
1.552958292355676 -0.23240131411250559 0.22085446803279046
1.55715547692961 -0.2302858248686985 0.2339283445857708
1.5613526615035445 -0.22817033562489142 0.24700222113875167
1.5655498460774786 -0.2295286715850674 0.25881737465387833
1.569747030651413 -0.23088700754524336 0.27063252816900446
1.573944215225347 -0.23224534350541934 0.2824476816841311
1.5781413997992815 -0.23245780747329595 0.29429762740048676
1.5823385843732156 -0.23267027144117203 0.306147573116843
1.58653576894715 -0.23288273540904864 0.31799751883319866
1.5907329535210841 -0.21850546063108667 0.32413080077930967
1.5949301380950185 -0.20412818585312473 0.33026408272542124
1.5991273226689526 -0.1897509110751628 0.33639736467153225
1.603324507242887 -0.17770514416624963 0.34471295210126
1.6075216918168211 -0.16565937725733595 0.35302853953098784
1.6117188763907555 -0.15361361034842283 0.36134412696071566
1.6159160609646899 -0.154577775543997 0.37229385641082785
1.620113245538624 -0.15554194073957062 0.38324358586093954
1.6243104301125584 -0.15650610593514477 0.39419331531105173
1.6285076146864925 -0.1630360434124084 0.3960127274673294
1.6327047992604269 -0.16956598088967154 0.3978321396236071
1.636901983834361 -0.1760959183669352 0.39965155177988476
1.6410991684082954 -0.18493622248119623 0.39324362559887566
1.6452963529822295 -0.1937765265954573 0.38683569941786655
1.649493537556164 -0.20261683070971837 0.3804277732368575
1.653690722130098 -0.21107026070722362 0.3832919088921884
1.6578879067040324 -0.21952369070472944 0.38615604454751873
1.6620850912779666 -0.22797712070223472 0.3890201802028497
1.666282275851901 -0.23663614486042356 0.3988665425928189
1.670479460425835 -0.24529516901861292 0.4087129049827887
1.6746766449997694 -0.25395419317680173 0.418559267372758
1.6788738295737036 -0.264015429640113 0.42602781760558206
1.683071014147638 -0.27407666610342474 0.43349636783840606
1.687268198721572 -0.284137902566736 0.4409649180712301
1.6914653832955064 -0.2953034901973177 0.438123551429009
1.6956625678694406 -0.3064690778279 0.43528218478678843
1.699859752443375 -0.31763466545848174 0.4324408181445673
1.7040569370173093 -0.3209980774644183 0.42377680801386536
1.7082541215912435 -0.3243614894703548 0.41511279788316396
1.7124513061651778 -0.32772490147629135 0.406448787752462
1.716648490739112 -0.3188075822380711 0.40202688131260284
1.7208456753130463 -0.30989026299985084 0.39760497487274427
1.7250428598869805 -0.3009729437616306 0.3931830684328851
1.7292400444609148 -0.29231727337389435 0.3883527059453117
1.733437229034849 -0.2836616029861576 0.3835223434577383
1.7376344136087833 -0.2750059325984214 0.3786919809701649
1.7418315981827175 -0.272314251918168 0.3699535540513247
1.7460287827566519 -0.2696225712379141 0.36121512713248505
1.750225967330586 -0.2669308905576608 0.35247670021364486
1.7544231519045204 -0.26387671964533294 0.3450073248297375
1.7586203364784545 -0.26082254873300514 0.33753794944582954
1.7628175210523889 -0.2577683778206773 0.3300685740619222
1.767014705626323 -0.2510162452020288 0.3257478244615664
1.7712118902002574 -0.24426411258338082 0.32142707486121114
1.7754090747741915 -0.23751197996473233 0.31710632526085536
1.7796062593481259 -0.24029892855105897 0.30746178129625584
1.78380344392206 -0.24308587713738614 0.29781723733165577
1.7880006284959944 -0.24587282572371277 0.28817269336705625
1.7921978130699288 -0.25809951747053994 0.2883128891147962
1.796394997643863 -0.2703262092173666 0.28845308486253673
1.8005921822177973 -0.28255290096419383 0.2885932806102767
1.8047893667917314 -0.29214175798290426 0.29513682734707525
1.8089865513656658 -0.30173061500161474 0.30168037408387377
1.8131837359396 -0.3113194720203252 0.3082239208206723
1.8173809205135343 -0.3193118292346645 0.31672101012787024
1.8215781050874684 -0.3273041864490037 0.32521809943506824
1.8257752896614028 -0.335296543663343 0.3337151887422662
1.829972474235337 -0.34262294810985816 0.3424565306040183
1.8341696588092713 -0.3499493525563738 0.35119787246577044
1.8383668433832054 -0.357275757002889 0.35993921432752257
1.8425640279571398 -0.3641718266112853 0.3686409836250667
1.846761212531074 -0.37106789621968106 0.3773427529226109
1.8509583971050083 -0.37796396582807734 0.386044522220155
1.8551555816789425 -0.38453218223721886 0.3945860207746057
1.8593527662528768 -0.3911003986463604 0.4031275193290564
1.863549950826811 -0.39766861505550194 0.4116690178835071
1.8677471354007453 -0.4044953764166726 0.41973168554823936
1.8719443199746795 -0.4113221377778432 0.42779435321297105
1.8761415045486138 -0.4181488991390139 0.4358570208777033
1.8803386891225482 -0.4272959948857504 0.4369474949439882
1.8845358736964823 -0.4364430906324868 0.4380379690102731
1.8887330582704167 -0.4455901863792233 0.439128443076558
1.8929302428443509 -0.45140157794896124 0.42744137018043316
1.8971274274182852 -0.45721296951869894 0.4157542972843083
1.9013246119922194 -0.46302436108843686 0.40406722438818343
1.9055217965661537 -0.46080414266412173 0.3914102460383257
1.9097189811400879 -0.4585839242398064 0.37875326768846795
1.9139161657140222 -0.45636370581549124 0.3660962893386102
1.9181133502879564 -0.44962036782417264 0.35530691348656984
1.9223105348618907 -0.44287702983285426 0.34451753763453
1.9265077194358249 -0.43613369184153566 0.33372816178248965
1.9307049040097592 -0.42749124692708473 0.32507869147281326
1.9349020885836934 -0.418848802012634 0.3164292211631368
1.9390992731576278 -0.41020635709818315 0.3077797508534604
1.943296457731562 -0.4023177106617008 0.2986440201866152
1.9474936423054963 -0.3944290642252185 0.28950828951976937
1.9516908268794304 -0.3865404177887362 0.2803725588529241
1.9558880114533648 -0.37960772210142185 0.2700992780857261
1.960085196027299 -0.3726750264141075 0.25982599731852807
1.9642823806012333 -0.36574233072679313 0.24955271655133004
1.9684795651751676 -0.35964595613867284 0.23853945592420545
1.9726767497491018 -0.35354958155055255 0.22752619529708085
1.9768739343230362 -0.34745320696243226 0.21651293466995625
1.9810711188969703 -0.3453822106502514 0.20557279417576496
1.9852683034709047 -0.34331121433806994 0.1946326536815737
1.9894654880448388 -0.341240218025889 0.18369251318738242
1.993662672618773 -0.34535556050983474 0.17152029036808203
1.9978598571927073 -0.34947090299378 0.15934806754878164
2.0020570417666415 -0.3535862454777257 0.14717584472948125
2.006254226340576 -0.34421911643178266 0.1422289259382213
2.01045141091451 -0.33485198738584016 0.1372820071469608
2.0146485954884445 -0.3254848583398971 0.13233508835570085
2.018845780062379 -0.31497745127516397 0.12909347165432197
2.023042964636313 -0.30447004421043034 0.12585185495294365
2.027240149210247 -0.29396263714569715 0.1226102382515648
2.0314373337841816 -0.28876606766914953 0.11151060395408273
2.0356345183581155 -0.28356949819260135 0.10041096965660067
2.03983170293205 -0.2783729287160537 0.0893113353591186
2.044028887505984 -0.2877316764438537 0.08967887689030198
2.048226072079918 -0.29709042417165327 0.09004641842148478
2.0524232566538525 -0.3064491718994533 0.09041395995266815
2.056620441227787 -0.3176635524981246 0.09124804250038665
2.0608176258017212 -0.32887793309679536 0.09208212504810515
2.0650148103756556 -0.3400923136954666 0.09291620759582364
2.06921199494959 -0.344332283257515 0.08426135948921655
2.073409179523524 -0.34857225281956344 0.07560651138261004
2.0776063640974582 -0.35281222238161186 0.06695166327600297
2.0818035486713926 -0.35532287644948735 0.058461514800742985
2.0860007332453265 -0.35783353051736233 0.04997136632548244
2.090197917819261 -0.3603441845852378 0.04148121785022246
2.0943951023931953 -0.3712355822293901 0.04447215258456139
2.0943951023931957 -0.23394862370200678 -0.3100611307108986
2.0985922869671296 -0.3821269798735425 0.047463087318899755
2.102789471541064 -0.39301837751769486 0.050454022053238685
2.1069866561149984 -0.39189194964761526 0.03918466599219205
2.1111838406889323 -0.3907655217775357 0.02791530993114599
2.1153810252628666 -0.38963909390745616 0.01664595387009936
2.119578209836801 -0.39827822548684944 0.020295797425105875
2.123775394410735 -0.40691735706624216 0.02394564098011183
2.1279725789846693 -0.41555648864563544 0.027595484535118345
2.1321697635586037 -0.42257149815213807 0.039390767698560286
2.1363669481325376 -0.4295865076586407 0.05118605086200222
2.140564132706472 -0.43660151716514334 0.06298133402544416
2.1447613172804063 -0.444611373103425 0.0745973972445435
2.1489585018543407 -0.4526212290417064 0.08621346046364342
2.153155686428275 -0.460631084979988 0.09782952368274277
2.1573528710022094 -0.46925845039877845 0.10918982331174684
2.1615500555761433 -0.47788581581756917 0.12055012294075149
2.1657472401500777 -0.4865131812363596 0.13191042256975558
2.169944424724012 -0.4952637027133331 0.1431680366455926
2.174141609297946 -0.5040142241903063 0.15442565072142908
2.1783387938718803 -0.5127647456672797 0.1656832647972661
2.1825359784458147 -0.5214234030506689 0.17696787253223722
2.186733163019749 -0.5300820604340583 0.18825248026720837
2.1909303475936834 -0.5387407178174475 0.1995370880021795
2.195127532167618 -0.5473014593432333 0.21082450437612105
2.1993247167415517 -0.5558622008690189 0.222111920750062
2.203521901315486 -0.5644229423948047 0.23339933712400351
2.2077190858894205 -0.5728945022745092 0.24476831710405683
2.2119162704633544 -0.5813660621542136 0.2561372970841096
2.2161134550372887 -0.5898376220339181 0.2675062770641629
2.220310639611223 -0.5979769559041974 0.2787502476895693
2.224507824185157 -0.6061162897744765 0.28999421831497574
2.2287050087590914 -0.6142556236447558 0.3012381889403821
2.2329021933330258 -0.6220002351287828 0.31236701973108894
2.23709937790696 -0.62974484661281 0.3234958505217952
2.2412965624808945 -0.6374894580968371 0.33462468131250206
2.245493747054829 -0.6449195838352505 0.34582320969928065
2.2496909316287628 -0.6523497095736642 0.35702173808605986
2.253888116202697 -0.6597798353120776 0.36822026647283845
2.2580853007766315 -0.6672004816351248 0.3793001617928495
2.2622824853505654 -0.674621127958172 0.39038005711286106
2.2664796699245 -0.6820417742812191 0.4014599524328721
2.270676854498434 -0.6895715978857687 0.41204391486609365
2.2748740390723685 -0.6971014214903186 0.4226278772993157
2.279071223646303 -0.7046312450948682 0.4332118397325373
2.2832684082202372 -0.7123428562649063 0.4436227134198304
2.287465592794171 -0.7200544674349444 0.45403358710712405
2.2916627773681055 -0.7277660786049827 0.4644444607944171
2.29585996194204 -0.7361983395338003 0.4736583952118603
2.300057146515974 -0.7446306004626182 0.482872329629303
2.304254331089908 -0.7530628613914359 0.49208626404674616
2.3084515156638425 -0.7609865766982523 0.4869660509026526
2.3126487002377765 -0.7689102920050688 0.4818458377585596
2.316845884811711 -0.7768340073118852 0.47672562461446605
2.321043069385645 -0.7805642959282632 0.465046396155218
2.3252402539595796 -0.7842945845446414 0.4533671676959699
2.329437438533514 -0.7880248731610193 0.44168793923672184
2.3336346231074483 -0.7841037563789216 0.4297745180222289
2.337831807681382 -0.7801826395968235 0.41786109680773537
2.3420289922553166 -0.7762615228147258 0.40594767559324235
2.346226176829251 -0.7703131115728106 0.39445210350216864
2.350423361403185 -0.7643647003308951 0.3829565314110949
2.3546205459771192 -0.75841628908898 0.3714609593200212
2.3588177305510536 -0.7495921066520584 0.36307619289969256
2.363014915124988 -0.7407679242151369 0.35469142647936447
2.3672120996989223 -0.7319437417782153 0.34630666005903576
2.3714092842728567 -0.7229856680568815 0.3363607704803369
2.3756064688467906 -0.714027594335548 0.32641488090163806
2.379803653420725 -0.705069520614214 0.3164689913229392
2.3840008379946593 -0.697068518775166 0.3050220448081875
2.3881980225685933 -0.6890675169361181 0.29357509829343637
2.3923952071425276 -0.6810665150970701 0.28212815177868467
2.396592391716462 -0.6728478221980351 0.27035236501396603
2.400789576290396 -0.6646291292990002 0.25857657824924685
2.4049867608643303 -0.6564104363999653 0.24680079148452824
2.4091839454382646 -0.647974758742732 0.23469576326570313
2.413381130012199 -0.6395390810854987 0.22259073504687746
2.4175783145861334 -0.6311034034282654 0.21048570682805237
2.4217754991600677 -0.6225963648661592 0.19812577962310016
2.4259726837340017 -0.6140893263040529 0.18576585241814736
2.430169868307936 -0.6055822877419466 0.17340592521319514
2.4343670528818704 -0.5971575642449156 0.16092812049239552
2.4385642374558043 -0.5887328407478849 0.14845031577159645
2.4427614220297387 -0.580308117250854 0.13597251105079683
2.446958606603673 -0.571957038198321 0.12338577979150865
2.4511557911776074 -0.5636059591457883 0.11079904853222103
2.4553529757515418 -0.5552548800932552 0.09821231727293285
2.459550160325476 -0.5469703435181716 0.0855256045783474
2.46374734489941 -0.5386858069430878 0.07283889188376251
2.4679445294733444 -0.5304012703680042 0.06015217918917707
2.472141714047279 -0.5221655887357461 0.047383281563781805
2.4763388986212127 -0.5139299071034877 0.03461438393838597
2.480536083195147 -0.5056942254712297 0.021845486312990707
2.4847332677690814 -0.4975192015235938 0.009159837128260864
2.4889304523430154 -0.4893441775759582 -0.0035258120564684134
2.4931276369169497 -0.48116915362832235 -0.016211461241198256
2.497324821490884 -0.4730990245720725 -0.028795223396827344
2.5015220060648184 -0.4650288955158224 -0.04137898555245643
2.505719190638753 -0.45695876645957256 -0.05396274770808552
2.509916375212687 -0.4491432828790011 -0.06665506651273773
2.514113559786621 -0.44132779929842947 -0.07934738531738937
2.5183107443605555 -0.43351231571785803 -0.09203970412204159
2.52250792893449 -0.4279970497704223 -0.10571990353887799
2.5267051135084238 -0.42248178382298657 -0.11940010295571381
2.530902298082358 -0.41696651787555084 -0.1330803023725502
2.5350994826562925 -0.40657560123626635 -0.14274119705804988
2.539296667230227 -0.39618468459698136 -0.152402091743549
2.543493851804161 -0.38579376795769693 -0.16206298642904865
2.5476910363780956 -0.37719935750867656 -0.17391495627637513
2.5518882209520295 -0.36860494705965574 -0.18576692612370105
2.556085405525964 -0.36001053661063537 -0.19761889597102753
2.5602825900998982 -0.3513780275765347 -0.20938334227885833
2.564479774673832 -0.34274551854243407 -0.2211477885866897
2.5686769592477665 -0.3341130095083334 -0.2329122348945205
2.572874143821701 -0.3342023589753938 -0.24004449148615176
2.577071328395635 -0.33429170844245365 -0.24717674807778242
2.581268512969569 -0.3343810579095141 -0.2543090046694137
2.5854656975435035 -0.3440464506512248 -0.2532292257278032
2.589662882117438 -0.3537118433929361 -0.25214944678619217
2.5938600666913723 -0.36337723613464684 -0.2510696678445817
2.5980572512653066 -0.3732551344176978 -0.24978065483985595
2.6022544358392405 -0.3831330327007483 -0.24849164183513084
2.606451620413175 -0.3930109309837993 -0.24720262883040514
2.6106488049871093 -0.40306602498142835 -0.2456222488336029
2.614845989561043 -0.4131211189790577 -0.2440418688368012
2.6190431741349776 -0.42317621297668695 -0.242461488839999
2.623240358708912 -0.43332739116537183 -0.24088626143753747
2.6274375432828463 -0.4434785693540567 -0.23931103403507537
2.6316347278567807 -0.4536297475427416 -0.23773580663261384
2.635831912430715 -0.46421717012213976 -0.23999238118819116
2.640029097004649 -0.47480459270153763 -0.242248955743769
2.6442262815785833 -0.4853920152809358 -0.24450553029934632
2.6484234661525177 -0.4947059872756263 -0.2517419810237081
2.6526206507264516 -0.5040199592703168 -0.25897843174806934
2.656817835300386 -0.5133339312650074 -0.26621488247243114
2.6610150198743203 -0.5127635421137772 -0.27726060111227424
2.6652122044482542 -0.512193152962547 -0.2883063197521173
2.6694093890221886 -0.5116227638113168 -0.2993520383919604
2.673606573596123 -0.49943543197150436 -0.3020315640587125
2.6778037581700573 -0.48724810013169195 -0.3047110897254647
2.6820009427439917 -0.47506076829187954 -0.3073906153922168
2.686198127317926 -0.4629659003215214 -0.3099540180218575
2.69039531189186 -0.45087103235116305 -0.3125174206514976
2.6945924964657944 -0.4387761643808049 -0.31508082328113834
2.6987896810397287 -0.42667451582883353 -0.31819865973597355
2.7029868656136626 -0.4145728672768624 -0.3213164961908093
2.707184050187597 -0.402471218724891 -0.32443433264564453
2.7113812347615314 -0.39043642665015327 -0.32799377960274906
2.7155784193354657 -0.37840163457541554 -0.33155322655985414
2.7197756039094 -0.3663668425006778 -0.33511267351695867
2.7239727884833345 -0.35454016636601376 -0.33917396773301905
2.7281699730572684 -0.3427134902313497 -0.34323526194908005
2.7323671576312027 -0.3308868140966857 -0.34729655616514044
2.736564342205137 -0.32475060575850867 -0.35292683390949925
2.740761526779071 -0.3186143974203317 -0.35855711165385756
2.7449587113530054 -0.3124781890821547 -0.36418738939821643
2.7491558959269398 -0.32058499690395187 -0.37209602397006664
2.7533530805008737 -0.3286918047257485 -0.38000465854191684
2.757550265074808 -0.3367986125475457 -0.38791329311376704
2.7617474496487424 -0.3448649509628829 -0.3958914143178892
2.765944634222677 -0.35293128937822016 -0.4038695355220114
2.770141818796611 -0.36099762779355743 -0.41184765672613355
2.7743390033705455 -0.3608845162913055 -0.4228809470770021
2.7785361879444794 -0.3607714047890541 -0.43391423742787066
2.782733372518414 -0.3606582932868022 -0.44494752777873925
2.786930557092348 -0.34903030785285355 -0.44226134889031044
2.791127741666282 -0.33740232241890533 -0.4395751700018822
2.7953249262402164 -0.3257743369849566 -0.43688899111345336
2.799522110814151 -0.31379623333535483 -0.4346985256643667
2.803719295388085 -0.301818129685753 -0.4325080602152794
2.8079164799620195 -0.2898400260361512 -0.4303175947661927
2.812113664535954 -0.27817051214987215 -0.426553017965326
2.816310849109888 -0.2665009982635925 -0.4227884411644588
2.820508033683822 -0.2548314843773135 -0.4190238643635921
2.8247052182577566 -0.24628038147380268 -0.41017129242612055
2.8289024028316905 -0.23772927857029189 -0.4013187204886496
2.833099587405625 -0.2291781756667811 -0.39246614855117806
2.837296771979559 -0.22583666532850877 -0.3850467311447498
2.841493956553493 -0.22249515499023698 -0.3776273137383209
2.8456911411274275 -0.21915364465196466 -0.3702078963318926
2.849888325701362 -0.20742598545604343 -0.37373676918678433
2.8540855102752962 -0.19569832626012168 -0.37726564204167545
2.8582826948492306 -0.18397066706420043 -0.3807945148965672
2.862479879423165 -0.1720273278261977 -0.3831804164980079
2.866677063997099 -0.16008398858819498 -0.38556631809944913
2.8708742485710332 -0.14814064935019225 -0.38795221970088983
2.8750714331449676 -0.14057123060359655 -0.3790842686075558
2.8792686177189015 -0.13300181185700086 -0.3702163175142218
2.883465802292836 -0.12543239311040513 -0.36134836642088775
2.8876629868667703 -0.12516095268629332 -0.34929457341915376
2.8918601714407046 -0.12488951226218095 -0.3372407804174198
2.896057356014639 -0.12461807183806911 -0.32518698741568586
2.9002545405885733 -0.1342990279721364 -0.32024917175393186
2.9044517251625073 -0.14397998410620366 -0.31531135609217736
2.9086489097364416 -0.15366094024027094 -0.31037354043042337
2.912846094310376 -0.16439561897360258 -0.3077718652613355
2.91704327888431 -0.17513029770693478 -0.3051701900922481
2.9212404634582443 -0.18586497644026642 -0.30256851492316017
2.9254376480321787 -0.19494164836124545 -0.2964940395218705
2.9296348326061126 -0.2040183202822245 -0.2904195641205803
2.933832017180047 -0.21309499220320352 -0.2843450887192906
2.9380292017539813 -0.21974054732920936 -0.27448899212259137
2.9422263863279157 -0.2263861024552152 -0.2646328955258927
2.94642357090185 -0.23303165758122102 -0.25477679892919347
2.9506207554757844 -0.23950087958208863 -0.24453223357430945
2.9548179400497183 -0.2459701015829562 -0.23428766821942487
2.9590151246236527 -0.2524393235838238 -0.22404310286454085
2.963212309197587 -0.2591394608548048 -0.2136496996363509
2.967409493771521 -0.2658395981257864 -0.2032562964081615
2.9716066783454553 -0.27253973539676746 -0.19286289317997155
2.9758038629193897 -0.27633098996452654 -0.1816999389688472
2.980001047493324 -0.2801222445322856 -0.17053698475772286
2.9841982320672584 -0.2839134991000447 -0.15937403054659852
2.988395416641193 -0.27516373569003094 -0.1575939729994411
2.9925926012151267 -0.2664139722800177 -0.1558139154522837
2.996789785789061 -0.2576642088700039 -0.1540338579051263
3.0009869703629954 -0.24962994482172693 -0.1612904886120176
3.0051841549369294 -0.2415956807734505 -0.16854711931890948
3.0093813395108637 -0.23356141672517353 -0.1758037500258008
3.013578524084798 -0.22632565609275848 -0.1839203437975998
3.017775708658732 -0.21908989546034394 -0.19203693756939827
3.0219728932326664 -0.2118541348279289 -0.20015353134119732
3.0261700778066007 -0.20759817846638617 -0.21012812913692924
3.030367262380535 -0.20334222210484398 -0.22010272693266178
3.0345644469544695 -0.1990862657433013 -0.23007732472839373
3.038761631528404 -0.1892689107546405 -0.2281835733359729
3.0429588161023378 -0.17945155576597974 -0.22628982194355146
3.047156000676272 -0.16963420077731894 -0.22439607055113062
3.0513531852502065 -0.16946709905035823 -0.2116954625114471
3.0555503698241404 -0.169299997323398 -0.19899485447176418
3.0597475543980748 -0.1691328955964373 -0.18629424643208067
3.063944738972009 -0.1680140255171094 -0.17515732574975032
3.0681419235459435 -0.16689515543778097 -0.16402040506742055
3.072339108119878 -0.1657762853584531 -0.1528834843850902
3.0765362926938122 -0.15663449122403106 -0.15815128405020232
3.080733477267746 -0.14749269708960852 -0.16341908371531502
3.0849306618416805 -0.1383509029551865 -0.16868688338042714
3.089127846415615 -0.12885796378563744 -0.17145806060861876
3.093325030989549 -0.11936502461608836 -0.17422923783681096
3.097522215563483 -0.10987208544653929 -0.17700041506500258
3.1017194001374175 -0.10296152557177156 -0.166130535240521
3.1059165847113515 -0.09605096569700329 -0.1552606554160394
3.110113769285286 -0.08914040582223556 -0.14439077559155783
3.11431095385922 -0.09379834523980976 -0.1327579849051481
3.1185081384331546 -0.09845628465738343 -0.12112519421873894
3.122705323007089 -0.10311422407495763 -0.1094924035323292
3.1269025075810233 -0.11343128527899386 -0.10227749036787823
3.131099692154957 -0.12374834648303061 -0.09506257720342667
3.1352968767288916 -0.13406540768706685 -0.0878476640389757
3.139494061302826 -0.1439527510588827 -0.08016226588640535
3.14369124587676 -0.15384009443069857 -0.072476867733835
3.147888430450694 -0.16372743780251445 -0.06479146958126464
3.1520856150246286 -0.17178805904872332 -0.054606313382296524
3.156282799598563 -0.17984868029493223 -0.04442115718332785
3.1604799841724973 -0.1879093015411411 -0.034236000984359735
3.1646771687464317 -0.18259271112632336 -0.030077606546154594
3.1688743533203656 -0.17727612071150506 -0.02591921210794889
3.1730715378943 -0.1719595302966873 -0.021760817669743752
3.1772687224682343 -0.16398881973454119 -0.02800679827244013
3.1814659070421683 -0.1560181091723951 -0.03425277887513594
3.1856630916161026 -0.148047398610249 -0.04049875947783232
3.189860276190037 -0.1392610315692044 -0.03719101051193093
3.194057460763971 -0.13047466452815934 -0.033883261546029546
3.1982546453379053 -0.12168829748711477 -0.03057551258012816
3.2024518299118396 -0.1184182478019126 -0.017703822165118063
3.206649014485774 -0.11514819811671043 -0.004832131750107399
3.2108461990597084 -0.11187814843150824 0.0080395586649027
3.2150433836336427 -0.11889357892909147 0.018480591152758064
3.2192405682075766 -0.12590900942667418 0.028921623640613993
3.223437752781511 -0.1329244399242574 0.039362656128469356
3.2276349373554454 -0.13904742892133484 0.04734643380673245
3.2318321219293793 -0.1451704179184118 0.05533021148499554
3.2360293065033137 -0.15129340691548923 0.06331398916325863
3.240226491077248 -0.1493624795718265 0.07586644212464724
3.2444236756511824 -0.14743155222816326 0.08841889508603643
3.2486208602251168 -0.14550062488450052 0.10097134804742504
3.252818044799051 -0.15311899690244832 0.10691388760990567
3.257015229372985 -0.16073736892039556 0.1128564271723863
3.2612124139469194 -0.16835574093834335 0.11879896673486692
3.2654095985208538 -0.17584979217208263 0.12496442829431223
3.2696067830947877 -0.18334384340582194 0.13112988985375754
3.273803967668722 -0.19083789463956122 0.13729535141320284
3.2780011522426564 -0.22350504534914262 0.12565708788349225
3.2821983368165903 -0.25617219605872404 0.11401882435378169
3.2863955213905247 -0.2888393467683054 0.1023805608240711
3.290592705964459 -0.28525609173637806 0.11432753502890441
3.2947898905383934 -0.2816728367044507 0.12627450923373773
3.298987075112328 -0.27808958167252334 0.13822148343857105
3.303184259686262 -0.2784644641983741 0.1494789419025448
3.307381444260196 -0.27883934672422434 0.1607364003665185
3.3115786288341305 -0.2792142292500751 0.17199385883049226
3.315775813408065 -0.28532038463733317 0.17821072505328203
3.3199729979819987 -0.29142654002459173 0.18442759127607183
3.324170182555933 -0.2975326954118498 0.1906444574988616
3.3283673671298675 -0.3041048827767351 0.18588011436825058
3.332564551703802 -0.31067707014162094 0.18111577123763953
3.336761736277736 -0.31724925750650623 0.1763514281070285
3.3409589208516706 -0.3120228179003635 0.16630749858696287
3.3451561054256045 -0.30679637829422024 0.15626356906689778
3.349353289999539 -0.3015699386880775 0.14621963954683215
3.353550474573473 -0.29067537006668476 0.13810374212849
3.357747659147407 -0.2797808014452925 0.12998784471014785
3.3619448437213415 -0.26888623282389973 0.1218719472918057
3.366142028295276 -0.256142624278827 0.11696459669330202
3.37033921286921 -0.24339901573375478 0.11205724609479834
3.374536397443144 -0.23065540718868205 0.10714989549629467
3.3787335820170785 -0.011091215973426218 0.07859992009214883
3.382930766591013 0.20847297524183014 0.050049944688002994
3.3871279511649472 0.42803716645708595 0.021499969283857164
3.3913251357388816 0.4295514398560512 0.03420643363578099
3.3955223203128155 0.43106571325501647 0.046912897987704254
3.39971950488675 0.4325799866539817 0.05961936233962808
3.4039166894606843 0.4438438779443937 0.06103872493345031
3.408113874034618 0.45510776923480634 0.06245808752727255
3.4123110586085525 0.4663716605252184 0.06387745012109479
3.416508243182487 0.47983887207616405 0.05983314715367375
3.4207054277564213 0.49330608362710915 0.05578884418625271
3.4249026123303556 0.5067732951780548 0.05174454121883167
3.42909979690429 0.5204157633185139 0.04754582749539093
3.433296981478224 0.5340582314589736 0.043347113771950746
3.4374941660521583 0.5477006995994326 0.039148400048509994
3.4416913506260927 0.5605715772338518 0.033312398496554395
3.4458885352000266 0.5734424548682715 0.027476396944599357
3.450085719773961 0.5863133325026906 0.021640395392643754
3.4542829043478953 0.5963947740017898 0.021439085166824155
3.4584800889218292 0.6064762155008884 0.021237774941004556
3.4626772734957636 0.6165576569999875 0.02103646471518496
3.466874458069698 0.6258909069095452 0.032249505674581416
3.4710716426436323 0.6352241568191028 0.04346254663397844
3.4752688272175667 0.6445574067286605 0.05467558759337489
3.479466011791501 0.6424779989945377 0.06417489175518348
3.483663196365435 0.6403985912604154 0.07367419591699151
3.4878603809393693 0.6383191835262926 0.0831735000788001
3.4920575655133037 0.6325049368561256 0.08802412159812906
3.4962547500872376 0.6266906901859588 0.09287474311745803
3.500451934661172 0.6208764435157919 0.097725364636787
3.5046491192351064 0.6152484643491574 0.10316085739559083
3.5088463038090407 0.6096204851825224 0.10859635015439469
3.513043488382975 0.6039925060158879 0.11403184291319853
3.5172406729569095 0.5980494931626428 0.11940988710250972
3.5214378575308434 0.5921064803093976 0.12478793129182146
3.5256350421047777 0.5861634674561524 0.13016597548113265
3.529832226678712 0.5825732621626709 0.13730770174227833
3.534029411252646 0.5789830568691889 0.14444942800342345
3.5382265958265804 0.5753928515757074 0.1515911542645691
3.5424237804005148 0.584520768294628 0.16388273947324547
3.5466209649744487 0.5936486850135485 0.1761743246819224
3.550818149548383 0.6027766017324689 0.18846590989059875
3.5550153341223174 0.6085115465300512 0.2009915378758918
3.5592125186962518 0.614246491327633 0.21351716586118544
3.563409703270186 0.6199814361252153 0.2260427938464785
3.5676068878441205 0.6259111688990832 0.23805947646929104
3.5718040724180544 0.6318409016729505 0.2500761590921042
3.576001256991989 0.6377706344468183 0.2620928417149167
3.580198441565923 0.6442789017400166 0.2733701106025328
3.584395626139857 0.6507871690332143 0.28464737949014896
3.5885928107137914 0.6572954363264126 0.29592464837776505
3.592789995287726 0.6636823499124238 0.3069715023831063
3.59698717986166 0.6700692634984355 0.31801835638844744
3.6011843644355945 0.6764561770844467 0.32906521039378867
3.605381549009529 0.6842174704399907 0.33851477050935475
3.609578733583463 0.691978763795534 0.3479643306249202
3.613775918157397 0.6997400571510779 0.3574138907404863
3.6179731027313315 0.7086947246604882 0.36474475901359044
3.6221702873052655 0.7176493921698984 0.37207562728669513
3.6263674718792 0.7266040596793086 0.3794064955597993
3.630564656453134 0.7365988541936195 0.38424775425118407
3.634761841027068 0.7465936487079299 0.3890890129425695
3.6389590256010025 0.7565884432222407 0.3939302716339543
3.643156210174937 0.7667889631490767 0.39701733854287297
3.647353394748871 0.7769894830759134 0.40010440545179227
3.6515505793228056 0.7871900030027494 0.40319147236071096
3.65574776389674 0.7796906887909874 0.4096910177803712
3.659944948470674 0.7721913745792252 0.4161905632000315
3.6641421330446082 0.7646920603674631 0.42269010861969175
3.6683393176185426 0.7529226151114136 0.4278712943983204
3.6725365021924765 0.7411531698553642 0.43305248017694853
3.676733686766411 0.7293837245993147 0.43823366595557717
3.6809308713403452 0.7173039584798002 0.4416555754678564
3.6851280559142796 0.7052241923602851 0.445077484980135
3.689325240488214 0.6931444262407706 0.44849939449241416
3.6935224250621483 0.6814597174302064 0.4456236669341295
3.6977196096360823 0.6697750086196416 0.44274793937584433
3.7019167942100166 0.6580902998090774 0.4398722118175597
3.706113978783951 0.6491976938126192 0.4321666980957883
3.710311163357885 0.640305087816161 0.4244611843740175
3.7145083479318193 0.6314124818197029 0.4167556706522461
3.7187055325057536 0.6229040403977919 0.4081499045210579
3.7229027170796876 0.6143955989758809 0.3995441383898703
3.727099901653622 0.6058871575539699 0.3909383722586821
3.7312970862275563 0.5989668503763347 0.3808400139666328
3.7354942708014907 0.5920465431986989 0.3707416556745835
3.739691455375425 0.5851262360210636 0.36064329738253426
3.7438886399493594 0.5783012871753979 0.35010888208937535
3.7480858245232933 0.5714763383297315 0.33957446679621595
3.7522830090972277 0.5646513894840658 0.3290400515030571
3.756480193671162 0.5575780685304734 0.3184897406581669
3.760677378245096 0.5505047475768812 0.30793942981327665
3.7648745628190303 0.5434314266232888 0.2973891189683864
3.7690717473929647 0.5349101654249301 0.2902232494588937
3.773268931966899 0.5263889042265708 0.28305737994940167
3.7774661165408334 0.5178676430282121 0.275891510439909
3.781663301114768 0.5126853665283075 0.2874231674782913
3.7858604856887017 0.5075030900284037 0.29895482451667355
3.790057670262636 0.5023208135284991 0.31048648155505587
3.7942548548365704 0.4960323212177974 0.321324626040739
3.7984520394105044 0.48974382890709617 0.33216277052642224
3.8026492239844387 0.48345533659639445 0.34300091501210545
3.806846408558373 0.4751164512903319 0.352428389872975
3.811043593132307 0.4667775659842689 0.3618558647338439
3.8152407777062414 0.45843868067820637 0.37128333959471344
3.8194379622801757 0.44843371523487296 0.37889718297146935
3.82363514685411 0.43842874979154006 0.38651102634822576
3.8278323314280445 0.42842378434820666 0.3941248697249817
3.832029516001979 0.4161739510018629 0.3969509093952339
3.8362267005759128 0.40392411765551856 0.3997769490654867
3.840423885149847 0.3916742843091748 0.4026029887357389
3.8446210697237815 0.37906845764651026 0.40178615584418786
3.8488182542977154 0.3664626309838458 0.4009693229526374
3.8530154388716498 0.35385680432118133 0.4001524900610863
3.857212623445584 0.34132827007578764 0.39811662431692535
3.8614098080195185 0.32879973583039346 0.3960807585727645
3.865606992593453 0.3162712015849998 0.39404489282860355
3.8698041771673872 0.3037272180803898 0.39257034483281106
3.874001361741321 0.2911832345757803 0.3910957968370185
3.8781985463152555 0.2786392510711703 0.389621248841226
3.88239573088919 0.26605653674255786 0.3883412756324998
3.886592915463124 0.25347382241394484 0.38706130242377307
3.890790100037058 0.24089110808533234 0.3857813292150469
3.8949872846109925 0.2337926995356169 0.3798740643592331
3.8991844691849264 0.2266942909859009 0.3739667995034187
3.903381653758861 0.21959588243618547 0.3680595346476049
3.907578838332795 0.22960888569453855 0.3659245139288682
3.9117760229067295 0.2396218889528916 0.36378949321013104
3.915973207480664 0.24963489221124469 0.3616544724913944
3.9201703920545983 0.259859818527396 0.3599004763364978
3.924367576628532 0.2700847448435472 0.35814648018160067
3.9285647612024666 0.2803096711596985 0.35639248402670404
3.932761945776401 0.2906909979648605 0.353894144114892
3.936959130350335 0.30107232477002294 0.3513958042030794
3.941156314924269 0.3114536515751849 0.34889746429126733
3.9453534994982036 0.3214472718913976 0.34403420296006676
3.949550684072138 0.3314408922076103 0.3391709416288656
3.9537478686460723 0.341434512523823 0.334307680297665
3.9579450532200067 0.3501037365268859 0.3261821616517963
3.9621422377939406 0.35877296052994834 0.3180566430059271
3.966339422367875 0.36744218453301125 0.30993112436005843
3.9705366069418093 0.3743029710285692 0.29935077843724445
3.9747337915157432 0.3811637575241276 0.2887704325144299
3.9789309760896776 0.38802454401968556 0.278190086591616
3.983128160663612 0.39353065664441184 0.2661437826667187
3.987325345237546 0.3990367692691386 0.2540974787418219
3.9915225298114803 0.40454288189386484 0.24205117481692465
3.9957197143854146 0.4083682829364384 0.22885859575675477
3.9999168989593485 0.41219368397901146 0.21566601669658544
4.004114083533283 0.4160190850215851 0.2024734376364156
4.008311268107217 0.4105379925990738 0.1981722507694142
4.012508452681152 0.40505690017656304 0.19387106390241335
4.016705637255086 0.39957580775405177 0.18956987703541195
4.02090282182902 0.3897831248991898 0.19221599365207143
4.025100006402955 0.37999044204432736 0.1948621102687315
4.029297190976889 0.3701977591894654 0.197508226885391
4.0334943755508235 0.3608096756804632 0.20034834813383154
4.037691560124757 0.35142159217146096 0.20318846938227267
4.041888744698691 0.34203350866245874 0.20602859063071324
4.046085929272626 0.3329422245282257 0.20812775401800881
4.05028311384656 0.32385094039399204 0.21022691740530383
4.054480298420494 0.314759656259759 0.2123260807925994
4.058677482994429 0.30816027365760956 0.2012588285483575
4.062874667568363 0.3015608910554596 0.19019157630411562
4.0670718521422975 0.29496150845331015 0.17912432405987372
4.071269036716232 0.3015026226488173 0.16700952309972167
4.075466221290165 0.3080437368443239 0.15489472213956906
4.0796634058641 0.314584851039831 0.142779921179417
4.083860590438034 0.32655561502198976 0.13607455891829298
4.088057775011968 0.33852637900414906 0.12936919665716837
4.092254959585903 0.3504971429863078 0.12266383439604434
4.096452144159837 0.3622851350620885 0.11545990815194952
4.100649328733771 0.3740731271378697 0.10825598190785528
4.104846513307705 0.3858611192136504 0.10105205566376045
4.109043697881639 0.39787691964183114 0.09494890171115948
4.113240882455574 0.40989272007001193 0.08884574775855796
4.117438067029508 0.4219085204981927 0.08274259380595698
4.1216352516034425 0.43330351928647254 0.07571227566478672
4.125832436177377 0.44469851807475186 0.06868195752361589
4.130029620751311 0.4560935168630317 0.06165163938244563
4.134226805325246 0.4592749985094094 0.047849192614466345
4.138423989899179 0.4624564801557866 0.03404674584648649
4.142621174473113 0.4656379618021644 0.020244299078507205
4.146818359047048 0.46752022067098736 0.00647371643046027
4.151015543620982 0.4694024795398109 -0.0072968662175866665
4.1552127281949165 0.47128473840863394 -0.021067448865633602
4.159409912768851 0.47328809805956684 -0.034434309447548196
4.163607097342785 0.4752914577105003 -0.04780117002946335
4.16780428191672 0.47729481736143325 -0.061168030611377947
4.172001466490654 0.48251732759963434 -0.07169394124046238
4.176198651064587 0.487739837837836 -0.0822198518695474
4.180395835638522 0.49296234807603706 -0.09274576249863184
4.184593020212456 0.4977452621062108 -0.10328876171375236
4.1887902047863905 0.5025281761363846 -0.1138317609288723
4.188790204786391 0.2927690549962203 -0.16959038341901805
4.192987389360325 0.5073110901665583 -0.12437476014399282
4.197184573934259 0.5111152474914699 -0.1351035777859613
4.201381758508194 0.5149194048163814 -0.1458323954279292
4.205578943082128 0.518723562141293 -0.15656121306989768
4.209776127656062 0.5220038098029625 -0.1674629324085975
4.213973312229996 0.5252840574646315 -0.17836465174729788
4.21817049680393 0.528564305126301 -0.18926637108599773
4.222367681377865 0.5286043730397333 -0.19833509033182106
4.226564865951799 0.528644440953165 -0.20740380957764387
4.230762050525733 0.5286845088665972 -0.21647252882346724
4.234959235099668 0.5393108459073063 -0.22052046888228208
4.239156419673602 0.5499371829480153 -0.2245684089410964
4.243353604247536 0.5605635199887243 -0.22861634899991123
4.247550788821471 0.5750460879530676 -0.2243065450896571
4.251747973395404 0.5895286559174107 -0.21999674117940243
4.255945157969339 0.6040112238817539 -0.2156869372691483
4.260142342543273 0.6143520501986034 -0.20508005879506674
4.264339527117207 0.6246928765154536 -0.19447318032098576
4.268536711691142 0.6350337028323031 -0.1838663018469042
4.272733896265076 0.6365827439197229 -0.170732481435259
4.2769310808390095 0.6381317850071427 -0.15759866102361322
4.281128265412944 0.6396808260945626 -0.14446484061196804
4.285325449986878 0.6406316175048914 -0.1311372138607058
4.289522634560813 0.6415824089152198 -0.11780958710944356
4.293719819134747 0.6425332003255487 -0.10448196035818133
4.297917003708681 0.6439061446773664 -0.09111066036579477
4.302114188282616 0.6452790890291845 -0.07773936037340876
4.30631137285655 0.6466520333810023 -0.06436806038102219
4.3105085574304844 0.6484703374764507 -0.050917891064960905
4.314705742004418 0.6502886415718986 -0.037467721748899056
4.318902926578352 0.6521069456673471 -0.02401755243283777
4.323100111152287 0.8582849292087369 0.1386742676820626
4.327297295726221 1.0644629127501273 0.3013660877969624
4.331494480300155 1.270640896291517 0.46405790791186274
4.33569166487409 1.2623708999996908 0.46478732867008116
4.339888849448024 1.254100903707864 0.465516749428299
4.3440860340219585 1.2458309074160379 0.46624617018651743
4.348283218595893 1.2384946337081124 0.46461140437593196
4.352480403169826 1.2311583600001876 0.4629766385653459
4.356677587743761 1.2238220862922622 0.4613418727547604
4.360874772317695 1.216392802561363 0.45842707581782965
4.365071956891629 1.2089635188304646 0.4555122788808994
4.369269141465564 1.2015342350995655 0.45259748194396865
4.373466326039498 1.1954710793260093 0.44689850718296054
4.3776635106134325 1.189407923552453 0.44119953242195187
4.381860695187367 1.1833447677788969 0.43550055766094375
4.386057879761301 1.1767896158489681 0.431334933996401
4.390255064335235 1.1702344639190396 0.42716931033185884
4.394452248909169 1.1636793119891111 0.42300368666731614
4.398649433483103 1.1733933107703869 0.42475833262226215
4.402846618057038 1.1831073095516627 0.4265129785772076
4.407043802630972 1.1928213083329384 0.4282676245321536
4.4112409872049065 1.2064765916261253 0.431477393434725
4.415438171778841 1.2201318749193122 0.43468716233729643
4.419635356352775 1.2337871582124993 0.43789693123986784
4.42383254092671 1.2470659807594255 0.44344913241219874
4.428029725500643 1.2603448033063518 0.44900133358453026
4.4322269100745775 1.273623625853278 0.45455353475686117
4.436424094648512 1.2797122296639838 0.4487656888800305
4.440621279222446 1.2858008334746893 0.4429778430032003
4.444818463796381 1.291889437285395 0.43718999712636963
4.449015648370315 1.293412013306006 0.4269645810843543
4.453212832944248 1.2949345893266166 0.4167391650423384
4.457410017518183 1.2964571653472277 0.40651374900032305
4.461607202092117 1.298975436162781 0.3960108068616018
4.4658043866660515 1.3014937069783348 0.3855078647228799
4.470001571239986 1.304011977793888 0.37500492258415863
4.47419875581392 1.3053139919952697 0.3666882236948941
4.478395940387855 1.3066160061966512 0.35837152480562906
4.482593124961789 1.3079180203980327 0.3500548259163646
4.486790309535723 1.3000404858099548 0.3541791822147374
4.490987494109657 1.2921629512218762 0.35830353851311014
4.495184678683591 1.2842854166337982 0.36242789481148296
4.4993818632575255 1.2732987828362337 0.36437486040866374
4.50357904783146 1.2623121490386686 0.3663218260058451
4.507776232405394 1.251325515241104 0.3682687916030259
4.511973416979329 1.2411705133715236 0.3698473656627155
4.516170601553263 1.2310155115019432 0.3714259397224056
4.520367786127197 1.2208605096323628 0.3730045137820952
4.524564970701132 1.2095518253005155 0.3728022213581718
4.528762155275065 1.1982431409686674 0.372599928934249
4.532959339849 1.1869344566368198 0.3723976365103256
4.537156524422934 1.1775866903962227 0.3653029287386126
4.541353708996868 1.1682389241556257 0.35820822096690014
4.545550893570803 1.1588911579150283 0.35111351319518713
4.549748078144737 1.1515273376425523 0.3416306944296333
4.553945262718671 1.1441635173700764 0.33214787566408
4.558142447292606 1.1367996970976004 0.3226650568985261
4.56233963186654 1.144082582684086 0.3138173075975577
4.566536816440474 1.151365468270572 0.30496955829658934
4.570734001014408 1.1586483538570578 0.29612180899562096
4.574931185588342 1.1706283485697149 0.2921592120950525
4.579128370162277 1.1826083432823717 0.2881966151944846
4.583325554736211 1.1945883379950288 0.2842340182939161
4.587522739310145 1.2066707713368432 0.28093898945767043
4.59171992388408 1.2187532046786576 0.2776439606214254
4.595917108458014 1.2308356380204717 0.2743489317851798
4.6001142930319485 1.2427465101393858 0.26970921017205446
4.604311477605882 1.2546573822582996 0.26506948855892914
4.608508662179816 1.2665682543772134 0.26042976694580383
4.612705846753751 1.2786342725070863 0.2561601403657942
4.616903031327685 1.2907002906369598 0.25189051378578403
4.6211002159016195 1.3027663087668326 0.24762088720577438
4.625297400475554 1.3143443430090034 0.24184916239786186
4.629494585049487 1.3259223772511732 0.2360774375899499
4.633691769623422 1.3375004114933438 0.23030571278203735
4.637888954197356 1.3447360157704482 0.21920374091028336
4.64208613877129 1.351971620047553 0.2081017690385288
4.646283323345225 1.3592072243246573 0.19699979716677482
4.650480507919159 1.3636242800085314 0.18432747522038462
4.6546776924930935 1.368041335692406 0.17165515327399383
4.658874877067028 1.37245839137628 0.15898283132760363
4.663072061640962 1.3626414610868811 0.15509760937694975
4.667269246214896 1.3528245307974816 0.1512123874262959
4.67146643078883 1.3430076005080827 0.14732716547564204
4.675663615362764 1.3335020152526746 0.14275781743814012
4.679860799936699 1.323996429997266 0.13818846940063878
4.684057984510633 1.314490844741858 0.1336191213631369
4.6882551690845675 1.3223214046308047 0.1250550873412292
4.692452353658502 1.3301519645197513 0.1164910533193221
4.696649538232436 1.337982524408698 0.10792701929741441
4.700846722806371 1.346969405072242 0.09928608365489118
4.705043907380304 1.3559562857357854 0.09064514801236796
4.7092410919542385 1.3649431663993294 0.08200421236984475
4.713438276528173 1.3743192964549251 0.07386944076557776
4.717635461102107 1.3836954265105212 0.06573466916131135
4.7218326456760416 1.393071556566117 0.057599897557044366
4.726029830249976 1.4036882236554722 0.050857645791082144
4.73022701482391 1.4143048907448275 0.04411539402512048
4.734424199397845 1.4249215578341827 0.03737314225915825
4.738621383971779 1.4349844090794632 0.0300505240988632
4.7428185685457125 1.4450472603247442 0.022727905938568715
4.747015753119647 1.4551101115700245 0.015405287778273666
4.751212937693581 1.4647737001357855 0.007479092665803946
4.755410122267516 1.4744372887015458 -0.00044710244666633917
4.75960730684145 1.4841008772673068 -0.008373297559136059
4.763804491415384 1.4934652240930175 -0.01677414192601822
4.768001675989319 1.5028295709187287 -0.025174986292899815
4.772198860563253 1.5121939177444392 -0.03357583065978197
4.776396045137187 1.5123224061461413 -0.03944502037934113
4.780593229711121 1.512450894547843 -0.04531421009890029
4.784790414285055 1.5125793829495453 -0.051183399818459444
4.78898759885899 1.5015406603493282 -0.04998262679534157
4.793184783432924 1.4905019377491118 -0.04878185377222427
4.797381968006858 1.479463215148895 -0.0475810807491064
4.801579152580793 1.4688125207227278 -0.04481930321047234
4.805776337154726 1.4581618262965603 -0.04205752567183771
4.8099735217286606 1.4475111318703933 -0.03929574813320364
4.814170706302595 1.4369835174506251 -0.03602127590537236
4.818367890876529 1.426455903030857 -0.032746803677540515
4.822565075450464 1.4159282886110889 -0.029472331449709233
4.826762260024398 1.4051084005755028 -0.026353431711541205
4.830959444598332 1.3942885125399163 -0.023234531973373176
4.835156629172267 1.3834686245043302 -0.020115632235205152
4.839353813746201 1.3726081806347168 -0.017028941715155333
4.843550998320135 1.3617477367651039 -0.013942251195104949
4.847748182894069 1.3508872928954905 -0.01085556067505513
4.851945367468003 1.3400407419918452 -0.007653338955501273
4.856142552041938 1.3291941910882001 -0.004451117235947415
4.860339736615872 1.3183476401845549 -0.0012488955163935582
4.864536921189806 1.307086501221799 -0.00020845562321660286
4.868734105763741 1.2958253622590432 0.0008319842699609186
4.872931290337675 1.2845642232962873 0.001872424163137874
4.8771284749116095 1.2734052167771321 0.0007950796657668254
4.881325659485543 1.262246210257977 -0.00028226483160365715
4.885522844059477 1.2510872037388219 -0.0013596093289747057
4.889720028633412 1.2428891986802568 -0.0067280542676422875
4.893917213207346 1.2346911936216918 -0.012096499206310436
4.89811439778128 1.2264931885631267 -0.017464944144978015
4.902311582355215 1.2308074493610408 -0.02588711490987445
4.906508766929149 1.235121710158954 -0.03430928567477032
4.9107059515030835 1.239435970956868 -0.04273145643966675
4.914903136077018 1.248581710066005 -0.047064706870978655
4.919100320650951 1.2577274491751425 -0.05139795730229114
4.923297505224886 1.2668731882842794 -0.055731207733603044
4.92749468979882 1.2759079408501048 -0.06129953424468712
4.9316918743727545 1.2849426934159303 -0.06686786075577063
4.935889058946689 1.2939774459817557 -0.0724361872668547
4.940086243520623 1.303368409211284 -0.07665345383785788
4.944283428094558 1.312759372440812 -0.08087072040886162
4.948480612668492 1.3221503356703403 -0.08508798697986478
4.952677797242426 1.3302802473832724 -0.09134963790781338
4.95687498181636 1.3384101590962045 -0.09761128883576196
4.961072166390294 1.3465400708091366 -0.10387293976371055
4.9652693509642285 1.3474401566978567 -0.1156815659999288
4.969466535538163 1.3483402425865763 -0.1274901922361465
4.973663720112097 1.349240328475296 -0.13929881847236478
4.977860904686032 1.3405402509984583 -0.14285296318770974
4.982058089259965 1.331840173521621 -0.14640710790305525
4.986255273833899 1.323140096044783 -0.14996125261840024
4.990452458407834 1.3135971692964061 -0.1423755626203075
4.994649642981768 1.3040542425480288 -0.13478987262221534
4.9988468275557025 1.294511315799652 -0.1272041826241226
5.003044012129637 1.2845321206299611 -0.12384029363829
5.007241196703571 1.2745529254602708 -0.12047640465245738
5.011438381277506 1.26457373029058 -0.11711251566662476
5.01563556585144 1.2675941429567692 -0.1293329933094602
5.0198327504253735 1.270614555622958 -0.14155347095229565
5.024029934999308 1.2736349682891472 -0.15377394859513108
5.028227119573242 1.2802974187120004 -0.1645124162562536
5.032424304147177 1.2869598691348532 -0.17525088391737667
5.036621488721111 1.2936223195577063 -0.18598935157849916
5.040818673295045 1.2888605812444465 -0.1956271398769834
5.04501585786898 1.2840988429311866 -0.20526492817546707
5.049213042442914 1.2793371046179265 -0.2149027164739513
5.053410227016848 1.2762420370330736 -0.210141455335193
5.057607411590782 1.2731469694482211 -0.20538019419643525
5.061804596164716 1.2700519018633682 -0.20061893305767692
5.066001780738651 1.2661207826725895 -0.19139320645994368
5.070198965312585 1.2621896634818113 -0.18216747986221102
5.074396149886519 1.2582585442910326 -0.17294175326447778
5.078593334460454 1.2538464443905475 -0.16379276033165469
5.082790519034388 1.2494343444900624 -0.15464376739883104
5.086987703608322 1.2450222445895773 -0.14549477446600798
5.091184888182257 1.2423610014403303 -0.13541459828390112
5.09538207275619 1.2396997582910831 -0.1253344221017943
5.099579257330125 1.2370385151418362 -0.11525424591968744
5.103776441904059 1.225992084809672 -0.11741159740119686
5.107973626477993 1.2149456544775084 -0.11956894888270683
5.112170811051928 1.2038992241453441 -0.12172630036421625
5.116367995625862 1.1986962857242915 -0.13176118020103583
5.1205651801997965 1.193493347303239 -0.14179606003785597
5.124762364773731 1.1882904088821864 -0.15183093987467555
5.128959549347665 1.1871514573902904 -0.16493398153541894
5.133156733921599 1.1860125058983941 -0.17803702319616235
5.137353918495533 1.184873554406498 -0.19114006485690577
5.141551103069467 1.1792728745240326 -0.2022389031043593
5.145748287643402 1.1736721946415674 -0.21333774135181283
5.149945472217336 1.168071514759102 -0.22443657959926633
5.1541426567912705 1.1779289612864854 -0.2247185519303758
5.158339841365204 1.1877864078138687 -0.22500052426148578
5.162537025939138 1.197643854341252 -0.22528249659259525
5.166734210513073 1.2062561416976896 -0.22585242056901003
5.170931395087007 1.2148684290541278 -0.22642234454542426
5.175128579660941 1.2234807164105654 -0.22699226852183907
5.179325764234876 1.2239249664654857 -0.24079958976080684
5.18352294880881 1.2243692165204052 -0.2546069109997746
5.1877201333827445 1.2248134665753252 -0.2684142322387424
5.191917317956679 1.2322370764493205 -0.27586492696517223
5.196114502530612 1.2396606863233157 -0.2833156216916021
5.200311687104547 1.247084296197311 -0.290766316418032
5.204508871678481 1.253166687189019 -0.2820703478036951
5.2087060562524155 1.2592490781807273 -0.27337437918935764
5.21290324082635 1.2653314691724353 -0.26467841057502073
5.217100425400284 1.2680884677335569 -0.2756915062692657
5.2212976099742185 1.270845466294678 -0.2867046019635113
5.225494794548153 1.2736024648557995 -0.2977176976577563
5.229691979122087 1.2652055599857706 -0.30541668720459053
5.233889163696021 1.2568086551157411 -0.31311567675142415
5.238086348269955 1.248411750245712 -0.3208146662982584
5.2422835328438895 1.2519320548897457 -0.32877339427505203
5.246480717417824 1.255452359533779 -0.33673212225184573
5.250677901991758 1.2589726641778127 -0.3446908502286394
5.254875086565693 1.2709329909222518 -0.34989425060946516
5.259072271139627 1.2828933176666903 -0.35509765099029095
5.263269455713561 1.2948536444111294 -0.36030105137111673
5.267466640287496 1.3061312200399748 -0.35848976121745596
5.271663824861429 1.3174087956688205 -0.3566784710637957
5.2758610094353635 1.3286863712976662 -0.3548671809101349
5.280058194009298 1.338109148810603 -0.3567639863305219
5.284255378583232 1.3475319263235401 -0.35866079175090954
5.288452563157167 1.3569547038364767 -0.3605575971712966
5.292649747731101 1.3645087632602906 -0.3716865101015726
5.296846932305035 1.3720628226841045 -0.3828154230318492
5.30104411687897 1.3796168821079184 -0.3939443359621252
5.305241301452904 1.3870351366877578 -0.404751402834968
5.3094384860268375 1.3944533912675974 -0.41555846970781024
5.313635670600772 1.401871645847437 -0.42636553658065307
5.317832855174706 1.409166000137878 -0.4370546661394073
5.322030039748641 1.4164603544283187 -0.4477437956981609
5.326227224322575 1.4237547087187599 -0.4584329252569151
5.330424408896509 1.4304564888568951 -0.46903575802117403
5.334621593470443 1.4371582689950306 -0.47963859078543297
5.338818778044377 1.4438600491331657 -0.4902414235496919
5.343015962618312 1.447050859911148 -0.5019389275034889
5.347213147192246 1.4502416706891295 -0.5136364314572864
5.35141033176618 1.4534324814671116 -0.5253339354110834
5.355607516340115 1.4567519752752771 -0.5331245605965543
5.359804700914049 1.4600714690834418 -0.5409151857820258
5.364001885487983 1.4633909628916073 -0.5487058109674966
5.368199070061918 1.475282998209244 -0.5463769947005251
5.372396254635851 1.4871750335268812 -0.5440481784335531
5.376593439209786 1.4990670688445178 -0.5417193621665816
5.38079062378372 1.5095355722175587 -0.5357414144582594
5.384987808357654 1.5200040755905992 -0.5297634667499378
5.389184992931589 1.53047257896364 -0.5237855190416156
5.393382177505523 1.5355033062892967 -0.5127781345155272
5.397579362079457 1.5405340336149531 -0.5017707499894393
5.401776546653392 1.5455647609406096 -0.4907633654633508
5.405973731227326 1.5401750012355282 -0.48078565330999773
5.41017091580126 1.5347852415304464 -0.47080794115664515
5.414368100375194 1.529395481825365 -0.46083022900329207
5.418565284949128 1.5213205913458243 -0.4531260931822012
5.422762469523063 1.5132457008662838 -0.4454219573611104
5.426959654096997 1.5051708103867432 -0.43771782154001954
5.4311568386709315 1.4989191135601803 -0.4279853333836552
5.435354023244866 1.4926674167336171 -0.4182528452272909
5.4395512078188 1.4864157199070542 -0.4085203570709266
5.443748392392735 1.4800890114896506 -0.39864874322300237
5.447945576966668 1.4737623030722475 -0.3887771293750787
5.452142761540602 1.4674355946548439 -0.37890551552715446
5.456339946114537 1.4627652296101075 -0.36858478946894085
5.460537130688471 1.4580948645653715 -0.35826406341072725
5.4647343152624055 1.4534244995206351 -0.34794333735251365
5.46893149983634 1.4568131400081734 -0.33979668155216103
5.473128684410274 1.4602017804957117 -0.3316500257518089
5.477325868984209 1.46359042098325 -0.3235033699514563
5.481523053558143 1.4554847052226618 -0.31502249257544834
5.485720238132076 1.4473789894620732 -0.30654161519944045
5.489917422706011 1.4392732737014853 -0.2980607378234325
5.494114607279945 1.4377332481490959 -0.288089738385078
5.4983117918538795 1.436193222596706 -0.2781187389467235
5.502508976427814 1.4346531970443168 -0.268147739508369
5.506706161001748 1.439853904959716 -0.2572671132980988
5.510903345575682 1.4450546128751158 -0.24638648708782865
5.515100530149616 1.450255320790515 -0.23550586087755845
5.5192977147235505 1.4505999446685924 -0.22545978411191486
5.523494899297485 1.4509445685466704 -0.21541370734627185
5.527692083871419 1.4512891924247477 -0.2053676305806283
5.531889268445354 1.4598182550464511 -0.2074998315666988
5.536086453019288 1.4683473176681552 -0.20963203255276933
5.540283637593222 1.4768763802898586 -0.21176423353883986
5.544480822167157 1.4781150731664723 -0.2199314767504109
5.54867800674109 1.479353766043086 -0.22809871996198247
5.5528751913150245 1.4805924589196997 -0.2362659631735535
5.557072375888959 1.4771195737320362 -0.24651527009191349
5.561269560462893 1.473646688544372 -0.25676457701027294
5.565466745036828 1.4701738033567084 -0.2670138839286329
5.569663929610762 1.4723374548138042 -0.2778387316253397
5.573861114184696 1.474501106270899 -0.28866357932204695
5.578058298758631 1.4766647577279945 -0.2994884270187537
5.582255483332565 1.4866816622120058 -0.30031904301755796
5.5864526679064985 1.4966985666960164 -0.30114965901636276
5.590649852480433 1.5067154711800275 -0.30198027501516705
5.594847037054367 1.5145283692589424 -0.29359213962595804
5.599044221628302 1.522341267337857 -0.285204004236749
5.603241406202236 1.5301541654167718 -0.27681586884754006
5.60743859077617 1.537077969923571 -0.28570828448757585
5.611635775350105 1.5440017744303698 -0.2946007001276117
5.615832959924039 1.550925578937169 -0.3034931157676475
5.6200301444979734 1.5513619618635481 -0.30999385612148217
5.624227329071907 1.5517983447899273 -0.31649459647531686
5.628424513645841 1.5522347277163067 -0.32299533682915155
5.632621698219776 1.5415288348165659 -0.32347307954110194
5.63681888279371 1.530822941916825 -0.3239508222530518
5.641016067367644 1.5201170490170843 -0.32442856496500216
5.645213251941579 1.5233455168011507 -0.33240597140777567
5.649410436515513 1.526573984585217 -0.3403833778505492
5.6536076210894475 1.5298024523692835 -0.3483607842933226
5.657804805663382 1.5417177686514527 -0.3512001493095213
5.662001990237315 1.5536330849336217 -0.3540395143257194
5.66619917481125 1.565548401215791 -0.3568788793419181
5.670396359385184 1.5762788259765277 -0.36257537670295287
5.674593543959118 1.5870092507372644 -0.3682718740639882
5.678790728533053 1.5977396754980009 -0.373968371425023
5.682987913106987 1.60877224142409 -0.3695415638176917
5.687185097680921 1.6198048073501783 -0.3651147562103605
5.691382282254855 1.630837373276267 -0.3606879486030292
5.695579466828789 1.6392449427216345 -0.351159408701149
5.699776651402724 1.6476525121670011 -0.3416308687992687
5.703973835976658 1.6560600816123683 -0.3321023288973884
5.7081710205505924 1.6560913767936558 -0.3216034563069819
5.712368205124527 1.656122671974944 -0.31110458371657485
5.716565389698461 1.6561539671562315 -0.30060571112616835
5.7207625742723955 1.647312909675637 -0.2925910866839243
5.724959758846329 1.6384718521950419 -0.2845764622416797
5.729156943420263 1.6296307947144473 -0.2765618377994356
5.733354127994198 1.6216963418819073 -0.2669555185804088
5.737551312568132 1.6137618890493677 -0.2573491993613814
5.7417484971420665 1.6058274362168277 -0.24774288014235457
5.745945681716001 1.598251914196993 -0.23727519292437943
5.750142866289935 1.5906763921771578 -0.2268075057064043
5.75434005086387 1.5831008701573233 -0.21633981848842912
5.758537235437804 1.575571862496108 -0.20541659887335845
5.762734420011737 1.568042854834892 -0.19449337925828777
5.766931604585672 1.5605138471736766 -0.1835701596432171
5.771128789159606 1.5559734385953299 -0.17272398578258139
5.7753259737335405 1.5514330300169838 -0.16187781192194628
5.779523158307475 1.5468926214386371 -0.15103163806131056
5.783720342881409 1.5569640880968152 -0.14890242817004745
5.787917527455344 1.5670355547549935 -0.1467732182787843
5.792114712029278 1.5771070214131715 -0.14464400838752117
5.796311896603212 1.588076279913063 -0.14442444926137488
5.800509081177146 1.5990455384129552 -0.14420489013522803
5.80470626575108 1.6100147969128467 -0.14398533100908173
5.8089034503250145 1.6209729713445076 -0.14010860416677864
5.813100634898949 1.6319311457761678 -0.1362318773244756
5.817297819472883 1.6428893202078285 -0.1323551504821725
5.821495004046818 1.6508151023607747 -0.12258367504487347
5.825692188620752 1.6587408845137206 -0.11281219960757387
5.829889373194686 1.6666666666666667 -0.10304072417027484
5.834086557768621 1.6612406100882777 -0.09029702897089266
5.838283742342554 1.655814553509888 -0.07755333377150993
5.842480926916489 1.650388496931499 -0.06480963857212775
5.846678111490423 1.6400249025149332 -0.05600334974425023
5.850875296064357 1.6296613080983668 -0.047197060916372144
5.855072480638292 1.619297713681801 -0.038390772088494625
5.859269665212226 1.6084625621918822 -0.03060409659621208
5.8634668497861595 1.5976274107019628 -0.022817421103930098
5.867664034360094 1.5867922592120438 -0.01503074561164755
5.871861218934028 1.5759212790137833 -0.007653125047289134
5.876058403507963 1.5650502988155224 -0.0002755044829301511
5.880255588081897 1.5541793186172619 0.0071021160814282655
5.884452772655831 1.5433931952471422 0.014049260534354374
5.888649957229766 1.5326070718770222 0.020996404987279917
5.8928471418037 1.5218209485069027 0.02794354944020603
5.897044326377634 1.5113013706783331 0.034837902820124333
5.901241510951568 1.5007817928497633 0.04173225620004264
5.905438695525502 1.4902622150211937 0.04862660957996094
5.909635880099437 1.480025325647588 0.05521144017808181
5.913833064673371 1.4697884362739817 0.0617962707762021
5.918030249247305 1.4595515469003761 0.06838110137432298
5.92222743382124 1.4501990118885926 0.0747314146626835
5.926424618395174 1.4408464768768086 0.08108172795104458
5.9306218029691085 1.4314939418650252 0.08743204123940511
5.934818987543043 1.4416849807164287 0.08810032371785417
5.939016172116976 1.4518760195678329 0.08876860619630325
5.943213356690911 1.4620670584192366 0.08943688867475232
5.947410541264845 1.4724925173279912 0.0897135467920368
5.951607725838779 1.4829179762367464 0.0899902049093213
5.955804910412714 1.493343435145501 0.09026686302660579
5.960002094986648 1.49939426973732 0.10039176522892626
5.9641992795605825 1.5054451043291384 0.11051666743124673
5.968396464134517 1.5114959389209572 0.12064156963356719
5.972593648708451 1.5053193282482145 0.13124817792174362
5.976790833282385 1.4991427175754712 0.14185478620992006
5.980988017856319 1.4929661069027287 0.1524613944980965
5.985185202430253 1.4834405082524358 0.16161787450553347
5.989382387004188 1.4739149096021429 0.17077435451296988
5.993579571578122 1.4643893109518502 0.1799308345204068
5.9977767561520565 1.4651203343764803 0.18867058174295498
6.001973940725991 1.46585135780111 0.1974103289655026
6.006171125299925 1.4665823812257404 0.20615007618805076
6.01036830987386 1.4762848233590715 0.20473259966544793
6.014565494447793 1.4859872654924027 0.2033151231428451
6.0187626790217275 1.4956897076257338 0.20189764662024226
6.022959863595662 1.5059194693284679 0.2009935415434485
6.027157048169596 1.516149231031202 0.2000894364666542
6.0313542327435306 1.5263789927339357 0.19918533138986041
6.035551417317465 1.5366700674491185 0.2002240745299052
6.039748601891398 1.5469611421643006 0.20126281766994944
6.043945786465333 1.5572522168794833 0.2023015608099942
6.048142971039267 1.5641936860223287 0.20869190408911142
6.0523401556132015 1.5711351551651738 0.21508224736822865
6.056537340187136 1.578076624308019 0.22147259064734587
6.06073452476107 1.578927177616547 0.2308622832183785
6.064931709335005 1.5797777309250742 0.24025197578941118
6.069128893908939 1.580628284233602 0.24964166836044382
6.073326078482873 1.5681783399791729 0.2522699652264776
6.077523263056807 1.5557283957247436 0.25489826209251076
6.081720447630741 1.5432784514703144 0.25752655895854454
6.0859176322046755 1.530833785119838 0.2602810810409037
6.09011481677861 1.5183891187693612 0.2630356031232629
6.094312001352544 1.5059444524188847 0.26579012520562206
6.098509185926479 1.4934711833242869 0.26788449196562913
6.102706370500413 1.4809979142296894 0.2699788587256356
6.106903555074347 1.4685246451350915 0.27207322548564267
6.111100739648282 1.4560122747798803 0.27374675429065176
6.115297924222215 1.4434999044246692 0.27542028309566086
6.1194951087961496 1.430987534069458 0.27709381190066995
6.123692293370084 1.4276875709198171 0.2876963117751837
6.127889477944018 1.424387607770176 0.29829881164969796
6.132086662517953 1.421087644620535 0.30890131152421163
6.136283847091887 1.4119746628031724 0.318265317881425
6.140481031665821 1.4028616809858103 0.3276293242386383
6.144678216239756 1.393748699168448 0.33699333059585157
6.14887540081369 1.38498512917517 0.3463515409250295
6.153072585387624 1.3762215591818923 0.35570975125420745
6.157269769961558 1.3674579891886143 0.3650679615833854
6.161466954535492 1.3590766725682935 0.37443066608460396
6.165664139109427 1.3506953559479724 0.38379337058582247
6.169861323683361 1.3423140393276514 0.39315607508704103
6.174058508257295 1.330954655167265 0.40232229431015404
6.17825569283123 1.3195952710068792 0.411488513533267
6.182452877405164 1.308235886846493 0.42065473275638
6.1866500619790985 1.2962926728738096 0.4293760690834936
6.190847246553032 1.2843494589011262 0.4380974054106077
6.195044431126966 1.272406244928443 0.44681874173772135
6.199241615700901 1.1946993560869354 0.3048301961864163
6.203438800274835 1.116992467245428 0.1628416506351108
6.207635984848769 1.0392855784039203 0.0208531050838058
6.211833169422704 1.0302756144119372 0.030363387897994375
6.216030353996637 1.0212656504199547 0.039873670712182945
6.220227538570572 1.0122556864279717 0.04938395352637152
6.224424723144506 0.9946165800775641 0.05677461674871328
6.22862190771844 0.9769774737271562 0.0641652799710556
6.232819092292375 0.9593383673767487 0.07155594319339736
6.237016276866309 0.9385604755748137 0.07188106389898444
6.2412134614402435 0.9177825837728792 0.07220618460457208
6.245410646014178 0.8970046919709442 0.07253130531015915
6.249607830588112 0.88003516392017 0.062249405700011064
6.253805015162046 0.8630656358693952 0.05196750608986354
6.25800219973598 0.846096107818621 0.04168560647971545
6.262199384309914 0.8419897377946389 0.030026897736373483
6.266396568883849 0.8378833677706563 0.018368188993031522
6.270593753457783 0.8337769977466742 0.006709480249689558
6.2747909380317175 0.8290135763959323 -0.005233558542586319
6.278988122605652 0.8242501550451898 -0.017176597334862195
6.283185307179586 0.8194867336944479 -0.02911963612713807
